58 105
59 121
61 136
64 151
69 164
76 177
86 186
97 194
111 195
126 193
140 186
152 177
161 165
167 151
169 135
170 119
172 103
68 95
74 89
83 88
92 89
101 91
115 92
124 90
134 89
144 90
152 95
107 100
107 110
106 120
106 131
97 137
102 139
107 140
113 139
118 137
77 102
82 100
88 100
93 102
88 103
82 103
123 103
128 100
134 100
141 102
134 103
129 103
89 160
95 156
101 154
107 155
112 153
120 155
127 159
120 163
113 166
107 166
102 166
95 164
92 160
102 157
107 158
112 157
124 158
113 159
107 160
102 160
